50 5
P000 2 0 4 4 2 0 1 3 3 3
J001 4 1 0 1 2 0 0 0 2 1
M002 3 0 1 4 1 2 3 2 3 0
M003 4 1 0 4 2 1 4 3 4 3
Y004 3 0 4 4 2 1 4 0 2 2
J005 1 3 4 2 0 2 0 2 0 1
F006 3 0 0 1 4 2 2 1 2 3
H007 4 1 2 1 2 0 2 4 4 0
O008 3 1 0 4 0 3 3 3 1 0
Y009 3 2 3 2 0 1 3 3 0 2
F010 3 4 2 0 4 1 3 4 3 1
W011 3 4 0 4 0 2 3 2 4 1
L012 3 0 4 0 2 4 1 1 3 4
M013 4 1 2 1 3 4 1 2 1 1
T014 4 4 2 0 2 0 2 0 1 1
L015 3 2 2 4 2 0 0 0 3 2
S016 3 4 1 2 1 1 0 2 2 2
W017 3 4 3 2 1 4 0 0 3 3
B018 4 0 2 2 0 4 0 2 3 2
M019 1 1 1 0 4 1 0 0 4 0
P020 1 1 4 1 1 4 0 0 2 3
H021 1 1 4 1 2 3 4 3 0 3
U022 2 0 3 1 3 3 3 4 0 4
Q023 3 4 2 0 4 3 1 0 2 2
Q024 0 1 3 0 2 3 2 1 0 2
C025 2 2 3 2 3 2 3 0 0 4
T026 3 2 4 1 1 0 0 1 3 2
X027 1 0 4 0 3 0 1 0 2 4
V028 2 3 4 4 2 4 2 2 0 3
F029 1 4 3 4 0 1 1 4 1 0
I030 0 1 4 3 1 4 4 1 3 3
U031 3 3 3 1 4 0 4 1 0 2
U032 3 2 1 0 0 3 0 0 1 1
K033 4 1 3 3 0 0 2 1 3 2
J034 4 0 1 3 1 1 1 0 4 4
I035 0 3 0 0 0 4 4 2 0 3
Q036 2 0 2 3 4 2 3 1 2 4
O037 2 1 4 4 1 2 2 2 3 0
T038 4 1 3 0 1 3 3 1 0 4
G039 1 3 1 2 3 2 0 4 4 1
L040 3 3 1 0 3 2 4 3 4 3
U041 3 1 1 0 1 0 3 0 1 0
T042 1 3 3 0 3 4 3 1 1 3
C043 2 1 1 0 1 2 0 2 1 3
R044 4 4 4 1 4 2 2 0 3 3
Z045 4 2 2 3 3 3 1 0 4 3
Q046 2 4 2 2 4 3 3 1 2 3
N047 0 3 3 0 4 0 0 4 3 0
C048 3 3 2 1 0 1 2 4 1 4
X049 0 4 4 1 3 3 1 1 3 2
